  0.40   1.11 -21.82 
   0.71   1.02 -16.87 
   0.91   1.04  -9.47 
   1.61   1.33  -1.67 
   1.88   1.28  11.43 
   0.34   2.13 -18.45 
   0.63   2.38 -16.47 
   1.06   2.01  -7.92 
   1.31   2.18   3.43 
   1.68   2.15   7.48 
   1.82   2.31  13.25 
   0.72   3.32 -11.10 
   1.01   3.07  -5.70 
   1.26   3.20   5.08 
   1.60   3.18  17.05 
   1.82   3.26  24.53 
   0.35   4.28 -16.60 
   0.71   4.30  -0.17 
   1.00   4.11   3.08 
   1.31   4.27  10.68 
   1.58   4.26  16.55 
   1.80   4.07  30.10 
   0.40   5.05  -6.85 
   0.71   5.20  -1.62 
   1.28   5.38  19.80 
   1.59   5.14  18.75 
   1.89   5.23  30.03 
   0.35   6.09  -3.65 
   0.68   6.30   3.25 
   0.92   6.10  17.38 
   1.58   6.20  28.03 
   1.80   6.28  39.50 
 